# Program:featureCounts v2.1.1; Command:"featureCounts" "-T" "2" "-p" "-F" "GFF" "-t" "gene" "-g" "ID" "-a" "analyses/03_annotation/augustus_chr3/augustus_chr3.gff" "-o" "analyses/06_counts/featurecounts_chr3.txt" "analyses/05_expression/mapping/control/Control_1.sorted.bam" "analyses/05_expression/mapping/control/Control_2.sorted.bam" "analyses/05_expression/mapping/control/Control_3.sorted.bam" "analyses/05_expression/mapping/heat_treated/Heat_1.sorted.bam" "analyses/05_expression/mapping/heat_treated/Heat_2.sorted.bam" "analyses/05_expression/mapping/heat_treated/Heat_3.sorted.bam" 
Geneid	Chr	Start	End	Strand	Length	analyses/05_expression/mapping/control/Control_1.sorted.bam	analyses/05_expression/mapping/control/Control_2.sorted.bam	analyses/05_expression/mapping/control/Control_3.sorted.bam	analyses/05_expression/mapping/heat_treated/Heat_1.sorted.bam	analyses/05_expression/mapping/heat_treated/Heat_2.sorted.bam	analyses/05_expression/mapping/heat_treated/Heat_3.sorted.bam
g1	contig_1_pilon	1793	2839	+	1047	0	0	0	0	0	0
g2	contig_1_pilon	4386	7672	+	3287	0	0	0	0	0	0
g3	contig_1_pilon	7687	12651	-	4965	0	0	0	0	0	0
g4	contig_1_pilon	13197	16971	-	3775	0	0	0	0	0	0
g5	contig_1_pilon	17196	18275	+	1080	0	0	0	0	0	0
g6	contig_1_pilon	18496	23626	+	5131	0	0	0	0	0	0
g7	contig_102_pilon	2	4131	-	4130	1	5	23	186	10	498
g8	contig_102_pilon	4226	7120	+	2895	0	0	25	62	2	242
g9	contig_102_pilon	7176	9509	+	2334	4	5	4	130	29	58
g10	contig_102_pilon	9717	15251	-	5535	2	4	0	42	0	1
g11	contig_103_pilon	96	4253	+	4158	0	0	0	6	0	5
g12	contig_103_pilon	5216	11376	+	6161	0	0	0	0	0	0
g13	contig_103_pilon	11443	12371	-	929	0	0	0	0	0	0
g14	contig_103_pilon	12806	22887	+	10082	0	0	2	9	0	3
g15	contig_103_pilon	23386	37580	+	14195	1	14	9	32	0	21
g16	contig_103_pilon	37930	39621	-	1692	4	0	3	0	0	6
g17	contig_103_pilon	53759	56921	-	3163	0	0	0	0	0	0
g18	contig_103_pilon	65496	66096	+	601	0	0	0	0	0	0
g19	contig_103_pilon	67036	72949	+	5914	585	306	602	88	134	131
g20	contig_103_pilon	73076	74879	+	1804	656	292	710	222	238	173
g21	contig_103_pilon	75016	77457	+	2442	0	0	0	3	0	0
g22	contig_103_pilon	78510	80851	-	2342	66	10	14	42	28	42
g23	contig_103_pilon	82526	84204	+	1679	315	100	70	87	68	171
g24	contig_103_pilon	84516	87520	+	3005	1115	980	804	1046	1473	1482
g25	contig_103_pilon	88135	92431	-	4297	71	251	339	8	8	50
g26	contig_103_pilon	96027	103681	-	7655	499	859	646	334	214	597
g27	contig_103_pilon	105198	106571	-	1374	0	0	0	0	0	2
g28	contig_103_pilon	106686	111214	+	4529	27111	10161	13207	13986	16913	13455
g29	contig_103_pilon	111227	126731	-	15505	1696	1187	902	602	262	549
g30	contig_103_pilon	131516	142714	+	11199	1855	2416	2427	1238	697	1054
g31	contig_103_pilon	147567	148641	-	1075	0	0	0	0	0	0
g32	contig_103_pilon	148806	156687	+	7882	1025	4431	3688	1930	1357	1834
g33	contig_103_pilon	157586	163965	+	6380	2487	2816	2898	6180	4603	5240
g34	contig_103_pilon	164986	168925	+	3940	223	251	290	599	290	293
g35	contig_103_pilon	168987	171711	-	2725	767	854	1392	2977	2811	3891
g36	contig_103_pilon	172927	181947	-	9021	1594	1753	1815	380	283	763
g37	contig_103_pilon	182072	183837	+	1766	576	595	607	1451	697	446
g38	contig_103_pilon	184442	189419	+	4978	2438	2315	2003	4943	3923	2279
g39	contig_103_pilon	189487	192567	-	3081	667	830	665	395	204	772
g40	contig_103_pilon	193232	198857	+	5626	425	507	491	314	236	516
g41	contig_103_pilon	200235	201967	-	1733	28	37	36	131	35	119
g42	contig_103_pilon	202043	208867	-	6825	2983	2711	2823	2693	2276	4296
g43	contig_103_pilon	208962	210005	+	1044	0	2	0	0	0	0
g44	contig_103_pilon	210062	210966	+	905	0	0	0	0	0	0
g45	contig_103_pilon	211599	212237	-	639	0	0	0	0	0	0
g46	contig_103_pilon	213305	225307	-	12003	590	1113	937	343	254	662
g47	contig_103_pilon	225462	227334	+	1873	6	2	10	2	3	2
g48	contig_103_pilon	227882	230448	+	2567	1597	1039	1660	1046	831	1559
g49	contig_103_pilon	230530	232407	-	1878	32	373	277	37	64	17
g50	contig_103_pilon	232654	235777	-	3124	4	14	13	61	50	61
g51	contig_103_pilon	235912	259497	+	23586	8238	1244	972	2322	1574	2699
g52	contig_103_pilon	260382	262149	+	1768	10557	48	60	1005	1693	2605
g53	contig_103_pilon	262445	266277	-	3833	894	734	869	993	669	792
g54	contig_103_pilon	266422	267132	+	711	0	0	0	0	0	0
g55	contig_103_pilon	270122	283325	+	13204	0	0	0	0	0	0
g56	contig_103_pilon	284282	285567	-	1286	0	0	0	0	0	0
g57	contig_103_pilon	289292	291468	+	2177	16	128	68	108	32	52
g58	contig_103_pilon	297132	300583	+	3452	221	217	376	289	188	172
g59	contig_103_pilon	300742	303622	+	2881	1585	2348	2637	2258	1761	2146
g60	contig_103_pilon	304101	308107	-	4007	2676	1370	980	2041	3597	2938
g61	contig_103_pilon	308202	318567	+	10366	253	385	299	74	253	143
g62	contig_103_pilon	319153	323137	-	3985	7390	4482	3524	78	98	834
g63	contig_103_pilon	323792	327381	+	3590	1177	178	372	1248	652	1190
g64	contig_103_pilon	327387	328607	-	1221	3225	316	1206	3442	1680	2253
g65	contig_103_pilon	329932	333556	+	3625	618	5025	7245	494	242	797
g66	contig_103_pilon	333622	336849	+	3228	15	189	299	94	23	79
g67	contig_103_pilon	338762	344443	+	5682	927	1594	1805	390	614	960
g68	contig_103_pilon	346406	347410	+	1005	6	0	1	1	0	19
g69	contig_103_pilon	347427	352251	-	4825	298	228	217	96	35	126
g70	contig_103_pilon	352606	356630	+	4025	1028	942	842	618	387	691
g71	contig_103_pilon	357076	359213	+	2138	1292	714	1145	1773	1517	1863
g72	contig_103_pilon	360806	366937	+	6132	1054	1546	1427	12372	17298	10036
g73	contig_103_pilon	368059	369721	-	1663	588	9140	5301	896	2815	1897
g74	contig_103_pilon	376596	382857	+	6262	2345	2842	2383	662	391	1149
g75	contig_103_pilon	383241	387231	-	3991	4	38	21	6	10	32
g76	contig_103_pilon	389481	393181	-	3701	114	307	203	287	121	151
g77	contig_103_pilon	393776	403636	+	9861	1163	1272	1091	1808	1423	1899
g78	contig_103_pilon	403753	406781	-	3029	502	1046	813	394	456	308
g79	contig_103_pilon	407036	411622	+	4587	1143	701	589	364	195	550
g80	contig_103_pilon	411706	413711	-	2006	1186	2339	1652	1320	1054	1585
g81	contig_103_pilon	415136	428818	+	13683	4559	5577	3925	6676	2886	6760
g82	contig_103_pilon	431076	432482	+	1407	16200	835	1193	4152	4617	5603
g83	contig_103_pilon	432542	435551	-	3010	991	3619	3425	738	869	1167
g84	contig_103_pilon	435796	436642	+	847	2	32	21	78	74	45
g85	contig_103_pilon	436929	442411	-	5483	2588	1527	1921	3827	2644	3578
g86	contig_103_pilon	443111	445891	-	2781	219	244	264	181	70	373
g87	contig_103_pilon	446186	452582	+	6397	30	67	47	44	51	50
g88	contig_103_pilon	454704	457261	-	2558	181	394	399	49	46	120
g89	contig_103_pilon	457366	460466	+	3101	1008	2188	2385	355	99	539
g90	contig_103_pilon	461826	470213	+	8388	3031	7239	10190	6722	4106	9337
g91	contig_103_pilon	470336	471986	+	1651	535	719	599	453	337	443
g92	contig_103_pilon	472055	476251	-	4197	145	338	186	88	38	204
g93	contig_103_pilon	476686	485692	+	9007	28	113	77	72	69	90
g94	contig_103_pilon	485780	489001	-	3222	21040	11417	15679	18784	17626	17794
g95	contig_103_pilon	490997	494761	-	3765	0	0	0	0	0	0
g96	contig_103_pilon	495026	496468	+	1443	0	0	0	0	0	0
g97	contig_103_pilon	498586	503371	+	4786	156	415	394	62	23	143
g98	contig_103_pilon	505076	514148	+	9073	955	1471	1552	426	249	596
g99	contig_103_pilon	515276	518725	+	3450	1333	2225	1899	3695	2993	3224
g100	contig_103_pilon	518958	534391	-	15434	1608	2266	2383	2077	1141	2714
g101	contig_103_pilon	538608	541699	+	3092	7165	60238	50627	29744	44609	20616
g102	contig_103_pilon	547828	555322	+	7495	1267	1573	1426	1640	885	1252
g103	contig_103_pilon	555326	560053	-	4728	1019	15447	3968	3050	3009	4189
g104	contig_103_pilon	560218	561586	+	1369	149	217	206	331	238	262
g105	contig_103_pilon	563328	565391	+	2064	1588	2521	2504	3476	2365	3317
g106	contig_103_pilon	565968	577704	+	11737	1412	3722	3194	479	269	1312
g107	contig_103_pilon	577798	582603	-	4806	2930	2735	2803	5474	4970	4107
g108	contig_103_pilon	587588	590322	+	2735	1705	1666	2156	1411	1108	1590
g109	contig_103_pilon	592731	599413	-	6683	707	1985	884	788	1830	1393
g110	contig_103_pilon	599578	603714	+	4137	33	57	45	76	73	161
g111	contig_103_pilon	607089	621643	-	14555	3700	6712	4971	3395	1427	3329
g112	contig_103_pilon	621774	623473	-	1700	43	122	97	77	41	49
g113	contig_103_pilon	625216	627033	-	1818	14	10	19	34	31	24
g114	contig_103_pilon	629718	634518	+	4801	300	315	440	267	376	286
g115	contig_103_pilon	636638	649440	+	12803	2908	2456	2698	3329	5493	8342
g116	contig_103_pilon	649451	650633	-	1183	76	173	218	286	214	871
g117	contig_103_pilon	650728	652623	+	1896	698	2634	2446	779	851	1567
g118	contig_103_pilon	653183	654423	-	1241	39	33	48	12	6	25
g119	contig_103_pilon	655118	670485	+	15368	3900	4379	3453	1706	1314	1955
g120	contig_103_pilon	671497	674143	-	2647	1704	1580	1816	658	1048	1248
g121	contig_103_pilon	674238	679235	+	4998	5231	2229	2607	1853	2294	3122
g122	contig_103_pilon	679954	682503	-	2550	0	0	0	0	0	0
g123	contig_103_pilon	687684	688453	-	770	0	0	0	0	0	0
g124	contig_103_pilon	693230	697069	-	3840	511	613	674	123	125	290
g125	contig_103_pilon	697164	697972	+	809	10	12	9	9	17	12
g126	contig_103_pilon	698019	702499	-	4481	1057	850	1132	3759	2933	3021
g127	contig_103_pilon	702604	708371	+	5768	23	17	37	70	21	28
g128	contig_103_pilon	708760	709629	-	870	0	0	0	0	0	0
g129	contig_103_pilon	712764	715999	-	3236	0	0	0	0	0	0
g130	contig_103_pilon	717054	718807	+	1754	1673	933	1307	2265	1874	2357
g131	contig_103_pilon	718915	730979	-	12065	1682	2329	2679	1535	344	2151
g132	contig_103_pilon	734364	735319	-	956	7	16	8	16	0	21
g133	contig_103_pilon	735414	741019	+	5606	292	324	307	230	119	338
g134	contig_103_pilon	742576	752529	-	9954	841	859	513	265	227	241
g135	contig_103_pilon	756076	760919	-	4844	341	207	194	318	152	314
g136	contig_103_pilon	762508	765829	-	3322	261	177	111	100	8	179
g137	contig_103_pilon	768804	773721	+	4918	5760	2886	3241	1028	560	910
g138	contig_103_pilon	776995	782559	-	5565	819	810	823	723	626	1048
g139	contig_103_pilon	784584	785978	+	1395	0	0	0	0	0	0
g140	contig_103_pilon	788874	813878	+	25005	0	0	0	2	0	0
g141	contig_103_pilon	814517	816869	-	2353	2639	1878	1811	895	1440	1235
g142	contig_103_pilon	817064	819621	+	2558	390	254	235	114	149	136
g143	contig_103_pilon	825114	828266	+	3153	48	12	10	12	79	83
g144	contig_103_pilon	832924	834473	+	1550	0	0	0	0	0	0
g145	contig_103_pilon	839873	856239	-	16367	2654	2066	2244	6845	3283	4414
g146	contig_103_pilon	856864	861336	+	4473	0	0	0	0	0	0
g147	contig_103_pilon	864087	877349	-	13263	0	0	0	0	0	0
g148	contig_103_pilon	883194	884209	+	1016	0	0	0	0	0	0
g149	contig_103_pilon	886831	887981	+	1151	0	0	0	0	0	0
g150	contig_103_pilon	888779	890866	-	2088	52	71	74	64	2	44
g151	contig_103_pilon	892155	899266	-	7112	2059	2263	2467	876	382	2083
g152	contig_103_pilon	903581	907463	+	3883	405	1537	1448	318	276	168
g153	contig_103_pilon	907689	910026	-	2338	571	880	633	277	445	533
g154	contig_103_pilon	910261	911169	+	909	30	46	45	20	31	6
g155	contig_103_pilon	912445	916116	-	3672	0	0	0	0	0	0
g156	contig_103_pilon	916401	918836	+	2436	0	0	0	0	0	0
g157	contig_103_pilon	918932	919906	-	975	0	0	0	0	0	0
g158	contig_103_pilon	920041	925971	+	5931	0	0	0	0	0	0
g159	contig_103_pilon	926033	928256	-	2224	340	1390	1262	208	196	311
g160	contig_103_pilon	928401	931127	+	2727	43	146	115	10	2	10
g161	contig_103_pilon	932031	934890	+	2860	0	13	0	162	67	61
g162	contig_103_pilon	935279	943346	-	8068	360	149	309	4477	2017	933
g163	contig_103_pilon	947701	962588	+	14888	1335	621	1777	7673	3836	2587
g164	contig_103_pilon	962649	966056	-	3408	999	90	69	879	534	1202
g165	contig_103_pilon	966191	981835	+	15645	12555	1107	1327	13991	9990	18358
g166	contig_103_pilon	984151	991217	+	7067	6611	5477	6715	3896	2650	2822
g167	contig_103_pilon	992207	993536	-	1330	2512	2419	3300	3257	3420	3939
g168	contig_103_pilon	994330	998126	-	3797	417	231	228	654	485	693
g169	contig_103_pilon	999151	1001444	+	2294	242596	44391	62312	64222	92698	63735
g170	contig_103_pilon	1001877	1005586	-	3710	68	617	728	71	103	195
g171	contig_103_pilon	1008289	1012496	-	4208	0	0	4	1	0	0
g172	contig_103_pilon	1016117	1019756	-	3640	1088	1554	1903	2905	2843	2491
g173	contig_103_pilon	1029243	1031546	-	2304	3650	2453	4302	4691	3282	2544
g174	contig_103_pilon	1031787	1033496	-	1710	32	48	41	105	101	37
g175	contig_103_pilon	1034461	1038057	+	3597	107	42	39	59	88	193
g176	contig_103_pilon	1040482	1045186	+	4705	3673	658	473	1576	1471	1071
g177	contig_103_pilon	1046162	1054626	+	8465	6474	3441	3415	2438	1546	3704
g178	contig_103_pilon	1055866	1058307	-	2442	861	1127	1477	2420	1617	1670
g179	contig_103_pilon	1059212	1060744	+	1533	191	48	95	50	32	65
g180	contig_103_pilon	1060822	1063840	+	3019	1082	630	531	255	134	508
g181	contig_103_pilon	1065552	1074692	+	9141	1849	3098	3115	4403	1614	3875
g182	contig_103_pilon	1075403	1076947	-	1545	71	52	59	40	54	41
g183	contig_103_pilon	1078092	1079642	+	1551	420	275	354	265	128	315
g184	contig_103_pilon	1079901	1081077	-	1177	4	0	0	45	98	73
g185	contig_103_pilon	1081712	1085730	+	4019	14810	10849	12576	4490	3900	6500
g186	contig_103_pilon	1085932	1099707	-	13776	92510	39100	66462	63610	137509	74414
g187	contig_103_pilon	1099802	1101807	-	2006	40149	5459	7542	8717	8244	22171
g188	contig_103_pilon	1102095	1104187	-	2093	696	1095	1190	245	176	513
g189	contig_103_pilon	1104282	1106291	+	2010	1428	2452	3299	855	1143	1225
g190	contig_103_pilon	1106893	1111817	-	4925	3510	20441	23832	4020	3649	4970
g191	contig_103_pilon	1111912	1114582	+	2671	150	227	119	194	176	169
g192	contig_103_pilon	1115280	1120767	-	5488	518	446	637	1318	908	740
g193	contig_103_pilon	1125802	1129051	+	3250	448	404	393	340	231	791
g194	contig_103_pilon	1129592	1131899	+	2308	44	27	2	16	2	28
g195	contig_103_pilon	1132033	1139107	-	7075	6522	8240	9516	11687	14849	11582
g196	contig_103_pilon	1139212	1140741	+	1530	1494	1430	1759	8815	18276	11147
g197	contig_103_pilon	1140829	1144307	-	3479	316	1287	1466	746	602	587
g198	contig_103_pilon	1144532	1151043	+	6512	48	52	168	124	84	44
g199	contig_103_pilon	1154862	1165795	+	10934	817	1882	2267	1094	807	1187
g200	contig_103_pilon	1165851	1170107	-	4257	4923	9584	17131	9006	10627	6188
g201	contig_103_pilon	1172199	1185687	-	13489	361	473	384	775	579	709
g202	contig_103_pilon	1186132	1195661	+	9530	0	0	0	0	0	1
g203	contig_103_pilon	1197975	1204117	-	6143	314	761	842	215	241	173
g204	contig_103_pilon	1208012	1211935	+	3924	273	297	448	446	381	429
g205	contig_103_pilon	1212025	1217617	-	5593	1364	1875	1775	1687	869	1924
g206	contig_103_pilon	1217862	1224119	+	6258	1536	2056	1894	1539	753	1406
g207	contig_103_pilon	1226435	1229378	-	2944	4411	3795	4217	7091	6603	5328
g208	contig_103_pilon	1230193	1235800	+	5608	34009	10578	11591	9547	10792	13302
g209	contig_103_pilon	1235884	1239068	-	3185	16	21	20	21	19	33
g210	contig_103_pilon	1239173	1259572	+	20400	586	669	527	1003	622	1077
g211	contig_103_pilon	1260085	1264258	-	4174	2423	1747	2440	3417	3179	3059
g212	contig_103_pilon	1265323	1267329	+	2007	0	0	4	10	6	4
g213	contig_103_pilon	1269063	1274578	+	5516	793	2720	3874	228	63	338
g214	contig_103_pilon	1276993	1279345	+	2353	1033	365	237	2151	528	2794
g215	contig_103_pilon	1281500	1282578	-	1079	0	0	0	25	5	0
g216	contig_103_pilon	1283373	1289668	+	6296	2316	1482	1431	518	375	1229
g217	contig_103_pilon	1289964	1298658	-	8695	2274	3170	2284	2131	1613	2632
g218	contig_103_pilon	1298783	1301105	+	2323	378	446	436	340	267	389
g219	contig_103_pilon	1309147	1310068	-	922	38	58	29	14	16	42
g220	contig_103_pilon	1310223	1315724	+	5502	787	874	874	537	154	665
g221	contig_103_pilon	1321636	1326578	-	4943	881	3910	2707	4003	3500	3940
g222	contig_103_pilon	1328453	1333828	-	5376	0	23	10	112	34	154
g223	contig_103_pilon	1338342	1342868	-	4527	0	40	16	14	0	0
g224	contig_103_pilon	1345243	1354206	+	8964	1200	1589	2404	5246	9195	5809
g225	contig_103_pilon	1357445	1363058	-	5614	0	0	0	0	0	0
g226	contig_103_pilon	1363296	1368008	-	4713	0	0	0	0	0	0
g227	contig_103_pilon	1376856	1378468	-	1613	4	0	0	0	0	0
g228	contig_103_pilon	1386614	1392619	-	6006	291	787	1045	489	448	285
g229	contig_103_pilon	1392894	1397611	+	4718	2236	5683	7231	4417	4216	2711
g230	contig_103_pilon	1400381	1401539	-	1159	0	0	0	0	0	4
g231	contig_103_pilon	1403480	1404609	-	1130	3	7	2	3	0	4
g232	contig_103_pilon	1408214	1409814	+	1601	1168	1078	1806	506	285	694
g233	contig_103_pilon	1410424	1413781	+	3358	14341	15823	15419	4308	3959	5797
g234	contig_103_pilon	1415384	1417281	+	1898	0	6	0	9	0	0
g235	contig_103_pilon	1418734	1423162	+	4429	9	35	23	17	0	7
g236	contig_103_pilon	1426663	1428589	-	1927	629	720	681	463	218	476
g237	contig_103_pilon	1428694	1442913	+	14220	2906	3356	3255	4225	5825	5216
g238	contig_103_pilon	1444254	1446944	+	2691	6508	9136	9100	9665	7401	10311
g239	contig_103_pilon	1447030	1450519	-	3490	3	16	1	56	8	40
g240	contig_103_pilon	1451024	1466177	+	15154	3875	3368	3064	3311	1191	3630
g241	contig_103_pilon	1466507	1471769	-	5263	305	676	386	6	22	133
g242	contig_103_pilon	1472322	1475569	-	3248	0	0	4	2	0	0
g243	contig_103_pilon	1476434	1477576	+	1143	0	0	0	0	0	0
g244	contig_103_pilon	1477720	1480189	-	2470	49	42	26	26	5	51
g245	contig_103_pilon	1480267	1481859	-	1593	32	5	18	17	10	3
g246	contig_103_pilon	1482282	1487869	-	5588	325	537	319	291	66	287
g247	contig_103_pilon	1488064	1493293	+	5230	435	401	341	255	301	298
g248	contig_103_pilon	1493438	1498399	-	4962	428	2292	1669	537	669	769
g249	contig_103_pilon	1499203	1500689	-	1487	336	591	459	415	315	657
g250	contig_103_pilon	1500984	1501639	-	656	69	57	103	125	90	70
g251	contig_103_pilon	1501744	1503907	+	2164	191	639	480	352	540	398
g252	contig_103_pilon	1504451	1505659	-	1209	0	0	3	4	0	0
g253	contig_103_pilon	1510394	1511605	+	1212	0	0	0	0	0	1
g254	contig_103_pilon	1514064	1520518	+	6455	2180	10432	10343	7224	6725	3997
g255	contig_103_pilon	1520928	1535309	-	14382	7624	2472	1566	2902	2422	1872
g256	contig_103_pilon	1535394	1539979	-	4586	97	255	244	534	529	553
g257	contig_103_pilon	1542104	1545182	+	3079	121909	11729	25627	119922	172375	117733
g258	contig_103_pilon	1545789	1550479	-	4691	485	382	228	669	312	637
g259	contig_103_pilon	1550674	1561787	+	11114	34	77	82	19	11	110
g260	contig_103_pilon	1561907	1563939	-	2033	276	237	252	106	50	312
g261	contig_103_pilon	1564054	1573398	+	9345	14522	29419	28654	4938	5174	6386
g262	contig_103_pilon	1573485	1578799	-	5315	45	314	299	6	36	87
g263	contig_103_pilon	1581309	1582647	-	1339	0	0	0	0	0	0
g264	contig_103_pilon	1583272	1586573	+	3302	0	0	0	0	0	0
g265	contig_103_pilon	1587322	1594417	-	7096	628	720	771	897	634	1097
g266	contig_103_pilon	1595951	1599167	-	3217	1041	776	806	586	582	556
g267	contig_103_pilon	1601787	1603017	-	1231	0	0	0	0	0	0
g268	contig_103_pilon	1605762	1612914	+	7153	145	254	235	179	128	310
g269	contig_103_pilon	1615178	1615707	-	530	0	0	0	0	0	0
g270	contig_103_pilon	1615912	1622241	+	6330	1434	1543	1832	2583	1846	2730
g271	contig_103_pilon	1623261	1624387	-	1127	2	8	4	6	0	2
g272	contig_103_pilon	1627632	1638859	+	11228	2438	3215	3410	1924	1007	2885
g273	contig_103_pilon	1639027	1649817	-	10791	682	2272	2228	855	516	950
g274	contig_103_pilon	1650002	1652633	+	2632	0	8	0	0	0	4
g275	contig_103_pilon	1653832	1658616	+	4785	0	0	0	2	0	0
g276	contig_103_pilon	1663662	1670275	+	6614	6	42	10	1918	277	321
g277	contig_103_pilon	1671056	1677777	-	6722	2130	2595	3145	3896	3511	2326
g278	contig_103_pilon	1677872	1680436	+	2565	150	183	169	296	252	224
g279	contig_103_pilon	1683314	1685757	-	2444	0	0	0	0	0	0
g280	contig_103_pilon	1698542	1701839	+	3298	0	0	0	0	1	0
g281	contig_103_pilon	1711442	1715044	+	3603	0	0	0	0	3	1
g282	contig_103_pilon	1715602	1719116	+	3515	6	0	0	14	4	8
g283	contig_103_pilon	1720992	1725874	+	4883	58	56	43	4	18	16
g284	contig_103_pilon	1726564	1732537	-	5974	28	48	61	10	0	18
g285	contig_103_pilon	1735569	1738435	+	2867	17	12	15	40	18	54
g286	contig_103_pilon	1738460	1745334	-	6875	280	453	307	219	167	326
g287	contig_103_pilon	1745929	1759618	+	13690	630	12337	2652	561	807	924
g288	contig_103_pilon	1759990	1761824	-	1835	183	359	169	51	16	86
g289	contig_103_pilon	1762533	1775224	-	12692	14091	6421	8386	6900	4716	5004
g290	contig_103_pilon	1775399	1776889	+	1491	128	112	202	34	22	26
g291	contig_103_pilon	1780569	1786622	+	6054	1598	1933	1858	567	407	764
g292	contig_103_pilon	1786749	1797289	+	10541	487	1529	1856	610	432	497
g293	contig_103_pilon	1797645	1806304	-	8660	0	0	0	2	0	0
g294	contig_103_pilon	1810769	1816186	+	5418	1302	431	392	320	266	180
g295	contig_103_pilon	1817259	1823111	+	5853	656	664	668	739	591	1208
g296	contig_103_pilon	1825609	1835900	+	10292	1169	997	1929	1453	484	1523
g297	contig_103_pilon	1839539	1841175	+	1637	0	0	0	0	0	0
g298	contig_103_pilon	1843589	1845416	+	1828	13239	1794	3861	9667	11703	6922
g299	contig_103_pilon	1845441	1855064	-	9624	2540	5459	10606	1273	609	1729
g300	contig_103_pilon	1855199	1860255	+	5057	852	3199	5024	863	799	1152
g301	contig_103_pilon	1861409	1875526	+	14118	11190	9912	12507	18295	16805	12538
g302	contig_103_pilon	1876221	1878084	-	1864	8	16	7	0	0	0
g303	contig_103_pilon	1878521	1886574	-	8054	1171	2198	2391	1859	1889	2569
g304	contig_103_pilon	1886929	1892600	+	5672	0	0	0	0	0	1
g305	contig_103_pilon	1897804	1900964	-	3161	175	407	235	45	65	74
g306	contig_103_pilon	1901449	1905388	+	3940	191	190	177	180	58	247
g307	contig_103_pilon	1905400	1906184	-	785	202	171	170	154	35	244
g308	contig_103_pilon	1906279	1913563	+	7285	1876	1657	1821	1854	713	2699
g309	contig_103_pilon	1913879	1916509	+	2631	0	0	0	0	0	0
g310	contig_103_pilon	1925674	1928232	-	2559	202	252	231	4	34	53
g311	contig_103_pilon	1928397	1941185	+	12789	2198	2352	2369	131	191	607
g312	contig_103_pilon	1941387	1947932	-	6546	41	63	71	2	14	2
g313	contig_103_pilon	1948027	1951450	+	3424	123	1300	742	8	0	22
g314	contig_103_pilon	1953491	1956902	-	3412	19	121	50	11	28	48
g315	contig_103_pilon	1957078	1958262	-	1185	0	0	0	0	0	0
g316	contig_103_pilon	1961088	1976632	-	15545	4241	3025	3154	5783	4424	4422
g317	contig_103_pilon	1976777	1977796	+	1020	46	11	19	65	55	28
g318	contig_103_pilon	1979665	1981082	-	1418	10	10	0	36	11	50
g319	contig_103_pilon	1981177	1982877	+	1701	14	19	2	60	28	104
g320	contig_103_pilon	1982879	1985072	-	2194	1742	1560	1263	616	530	850
g321	contig_103_pilon	1985210	1987342	-	2133	419	331	262	102	71	116
g322	contig_103_pilon	1988187	1989262	-	1076	0	0	0	0	0	0
g323	contig_103_pilon	1998757	1999721	+	965	983	1527	1553	2066	1353	1846
g324	contig_103_pilon	2002717	2003799	+	1083	0	0	0	0	0	0
g325	contig_103_pilon	2012297	2013409	+	1113	0	0	0	0	0	0
g326	contig_103_pilon	2014018	2014912	-	895	0	0	0	0	0	0
g327	contig_103_pilon	2015357	2018442	+	3086	0	0	0	0	0	0
g328	contig_103_pilon	2018526	2027232	-	8707	8	60	49	26	4	65
g329	contig_103_pilon	2027467	2029162	+	1696	0	16	9	0	0	1
g330	contig_103_pilon	2032707	2035544	+	2838	0	0	3	0	0	0
g331	contig_103_pilon	2035635	2039342	-	3708	0	0	0	0	0	0
g332	contig_103_pilon	2041177	2052248	+	11072	0	0	0	0	0	0
g333	contig_103_pilon	2054677	2057978	+	3302	0	0	0	0	0	0
g334	contig_103_pilon	2058157	2062037	+	3881	13	22	42	0	23	6
g335	contig_103_pilon	2062113	2063572	-	1460	63	25	33	4	62	27
g336	contig_103_pilon	2063947	2067364	+	3418	0	1	2	0	0	0
g337	contig_103_pilon	2071237	2073965	+	2729	11103	28828	23689	8571	8713	14769
g338	contig_103_pilon	2076277	2079082	-	2806	1046	2023	1263	584	705	718
g339	contig_103_pilon	2080867	2082052	+	1186	0	0	0	2	0	0
g340	contig_103_pilon	2082265	2084782	-	2518	337	1086	723	580	549	119
g341	contig_103_pilon	2084897	2086531	+	1635	157	429	382	195	218	56
g342	contig_103_pilon	2098412	2100686	+	2275	75	4	14	0	0	0
g343	contig_103_pilon	2100835	2102497	-	1663	214	41	9	0	2	2
g344	contig_103_pilon	2106462	2107696	+	1235	0	0	0	0	0	0
g345	contig_103_pilon	2107752	2109489	+	1738	0	0	0	3	2	0
g346	contig_103_pilon	2109572	2111062	+	1491	10	52	46	99	25	110
g347	contig_103_pilon	2111767	2113127	-	1361	24	19	28	37	26	28
g348	contig_103_pilon	2113833	2116337	-	2505	466	525	639	454	179	536
g349	contig_103_pilon	2123245	2137677	-	14433	0	12	13	1	0	9
g350	contig_103_pilon	2137836	2141737	-	3902	249	1465	2557	89	92	79
g351	contig_103_pilon	2142743	2152427	-	9685	6	15	4	21	5	2
g352	contig_103_pilon	2163382	2176173	+	12792	2681	2380	2970	4330	2326	5180
g353	contig_103_pilon	2177036	2186417	-	9382	2173	1632	1694	3418	2003	2848
g354	contig_103_pilon	2191108	2197737	-	6630	1223	1869	2200	1581	1700	1095
g355	contig_103_pilon	2197832	2198949	+	1118	86	55	91	57	43	23
g356	contig_103_pilon	2202022	2203401	+	1380	0	0	0	0	0	0
g357	contig_103_pilon	2204798	2211077	-	6280	1953	1214	1058	735	313	1033
g358	contig_103_pilon	2213592	2214761	+	1170	0	0	0	0	0	0
g359	contig_103_pilon	2215104	2215997	-	894	0	0	0	0	0	0
g360	contig_103_pilon	2218860	2222957	-	4098	441	3046	3061	3280	1627	3718
g361	contig_103_pilon	2224782	2227326	+	2545	463	537	389	669	232	647
g362	contig_103_pilon	2227691	2231417	-	3727	170	456	454	64	68	207
g363	contig_103_pilon	2231723	2238237	-	6515	1124	4382	4485	302	153	706
g364	contig_103_pilon	2243094	2246577	-	3484	348	571	996	46	10	38
g365	contig_103_pilon	2246672	2248286	+	1615	181	163	282	14	0	14
g366	contig_103_pilon	2250372	2254062	+	3691	0	0	0	0	0	0
g367	contig_103_pilon	2258157	2270400	-	12244	721	434	392	84	83	235
g368	contig_103_pilon	2270545	2277399	+	6855	356	241	294	86	50	259
g369	contig_103_pilon	2280915	2290639	+	9725	54	35	41	19	5	48
g370	contig_103_pilon	2290699	2291470	-	772	11	29	29	17	2	1
g371	contig_103_pilon	2291705	2292874	+	1170	69	596	347	72	37	238
g372	contig_103_pilon	2294476	2297410	-	2935	0	0	0	0	0	0
g373	contig_103_pilon	2307395	2308685	+	1291	13	4	10	0	0	2
g374	contig_103_pilon	2310042	2314240	-	4199	26	17	8	0	2	0
g375	contig_103_pilon	2317088	2324630	-	7543	210	242	268	20	10	55
g376	contig_103_pilon	2326453	2328710	-	2258	0	0	0	0	0	0
g377	contig_103_pilon	2328825	2330479	+	1655	0	0	0	0	0	0
g378	contig_103_pilon	2333682	2335550	-	1869	1323	1718	1481	5634	3257	4028
g379	contig_103_pilon	2335665	2336705	+	1041	21	12	24	95	47	46
g380	contig_103_pilon	2339507	2343200	-	3694	1543	1238	1245	1182	671	1431
g381	contig_103_pilon	2351015	2355044	+	4030	106	127	155	831	3182	908
g382	contig_103_pilon	2379413	2381000	-	1588	6	17	23	45	12	13
g383	contig_103_pilon	2381095	2384792	+	3698	262	166	469	652	524	553
g384	contig_103_pilon	2388711	2392740	-	4030	711	420	744	1399	972	955
g385	contig_103_pilon	2392835	2394973	+	2139	17	15	15	46	21	28
g386	contig_103_pilon	2396815	2397400	-	586	0	0	0	0	0	0
g387	contig_103_pilon	2398203	2402510	-	4308	519	494	378	626	330	647
g388	contig_103_pilon	2402615	2404394	+	1780	43	32	11	16	0	6
g389	contig_103_pilon	2404875	2408387	+	3513	153	109	97	64	12	70
g390	contig_103_pilon	2408441	2412120	-	3680	502	533	512	885	398	911
g391	contig_103_pilon	2418952	2420007	+	1056	0	0	0	0	0	0
g392	contig_103_pilon	2420588	2424467	-	3880	0	0	0	0	0	0
g393	contig_103_pilon	2425292	2426336	+	1045	0	0	0	0	0	0
g394	contig_103_pilon	2426617	2430607	-	3991	0	0	0	0	0	0
g395	contig_103_pilon	2430822	2442711	+	11890	0	0	0	0	0	0
g396	contig_103_pilon	2443312	2448736	+	5425	1658	2587	2021	93	93	244
g397	contig_103_pilon	2448785	2454787	-	6003	271	614	623	374	208	109
g398	contig_103_pilon	2463163	2469717	-	6555	0	0	0	0	0	0
g399	contig_103_pilon	2471277	2473327	-	2051	1336	951	982	1940	1253	2269
g400	contig_103_pilon	2473543	2475527	-	1985	596	361	619	1092	462	1070
g401	contig_103_pilon	2481362	2486359	+	4998	960	1552	1219	1222	789	790
g402	contig_103_pilon	2486974	2498367	-	11394	555	344	580	1472	1018	743
g403	contig_103_pilon	2499187	2503417	-	4231	191	589	422	783	465	692
g404	contig_103_pilon	2504577	2506047	-	1471	40	32	26	64	6	42
g405	contig_103_pilon	2506172	2512801	+	6630	1086	1177	1174	1074	492	1628
g406	contig_103_pilon	2512973	2517307	-	4335	587	890	890	686	405	857
g407	contig_103_pilon	2521642	2523493	+	1852	0	0	0	0	0	0
g408	contig_103_pilon	2526312	2529144	+	2833	0	0	0	0	0	0
g409	contig_103_pilon	2529587	2530757	-	1171	0	0	0	0	0	0
g410	contig_103_pilon	2530932	2537595	+	6664	0	0	0	0	0	0
g411	contig_103_pilon	2542564	2544867	-	2304	0	0	0	0	0	0
g412	contig_103_pilon	2551612	2554992	+	3381	0	0	0	0	0	0
g413	contig_103_pilon	2555842	2557523	+	1682	0	0	0	0	0	0
g414	contig_103_pilon	2563204	2571197	-	7994	0	0	0	0	0	0
g415	contig_103_pilon	2571462	2580037	+	8576	0	0	0	0	0	0
g416	contig_103_pilon	2580664	2588657	-	7994	1023	1203	1094	1527	573	1492
g417	contig_103_pilon	2590192	2597723	+	7532	2730	2782	3106	4341	2561	4346
g418	contig_103_pilon	2597912	2599140	+	1229	381	130	137	122	106	230
g419	contig_103_pilon	2599674	2607487	-	7814	1201	1401	1254	2136	966	1864
g420	contig_103_pilon	2611555	2613129	-	1575	0	0	0	1	0	16
g421	contig_103_pilon	2613224	2614273	+	1050	36	116	89	370	273	439
g422	contig_103_pilon	2614324	2618397	+	4074	689	1158	1161	5222	2834	5688
g423	contig_103_pilon	2618813	2626209	-	7397	2	0	0	20	8	2
g424	contig_103_pilon	2629749	2630739	-	991	40	47	54	33	5	83
g425	contig_103_pilon	2630864	2635116	+	4253	292	317	395	267	96	390
g426	contig_103_pilon	2635315	2642529	-	7215	2397	6273	5787	1756	1345	3252
g427	contig_103_pilon	2643684	2647809	-	4126	2031	3121	3384	1068	1415	1433
g428	contig_103_pilon	2648449	2650159	-	1711	2670	2953	2525	318	720	398
g429	contig_103_pilon	2651205	2662079	-	10875	1973	20287	19191	2470	1265	2370
g430	contig_103_pilon	2662194	2667200	+	5007	299	341	284	403	88	473
g431	contig_103_pilon	2667780	2670059	-	2280	311	447	348	218	166	454
g432	contig_103_pilon	2670184	2676288	+	6105	3181	6957	2574	1334	1961	1301
g433	contig_103_pilon	2676305	2679399	-	3095	49	263	44	18	42	24
g434	contig_103_pilon	2684132	2688389	-	4258	617	433	438	169	200	282
g435	contig_103_pilon	2688514	2693081	+	4568	2030	2350	1998	691	627	1301
g436	contig_103_pilon	2695229	2709589	-	14361	33	29	23	15	13	15
g437	contig_103_pilon	2709655	2710099	-	445	31	58	87	113	59	116
g438	contig_103_pilon	2710434	2712150	+	1717	696	838	791	1176	940	1632
g439	contig_103_pilon	2712599	2717019	-	4421	5060	4402	6085	8600	8540	6145
g440	contig_103_pilon	2722024	2731450	+	9427	16390	4564	6541	24616	53916	28678
g441	contig_103_pilon	2733571	2736309	-	2739	45270	1980	2608	3903	3906	9378
g442	contig_103_pilon	2737734	2738685	+	952	0	0	0	0	0	0
g443	contig_103_pilon	2740711	2742679	-	1969	87	2	0	149	98	70
g444	contig_103_pilon	2743004	2744547	+	1544	32118	254	595	2315	1807	4150
g445	contig_103_pilon	2744921	2745779	-	859	59	0	0	150	246	98
g446	contig_103_pilon	2746284	2748102	+	1819	16016	4223	8032	8384	9585	8715
g447	contig_103_pilon	2750844	2757422	+	6579	2	12	0	20	36	23
g448	contig_103_pilon	2757482	2761299	-	3818	89	11	40	102	91	98
g449	contig_103_pilon	2762611	2763999	-	1389	0	0	0	5	0	0
g450	contig_103_pilon	2765837	2767619	-	1783	2931	683	1124	2568	2804	2091
g451	contig_103_pilon	2767824	2779759	+	11936	1278	1169	2100	2987	1983	2081
g452	contig_103_pilon	2788761	2795901	-	7141	0	0	0	8	0	0
g453	contig_103_pilon	2796086	2798050	+	1965	19	92	92	16	29	67
g454	contig_103_pilon	2802452	2805081	-	2630	653	368	820	1661	1346	1414
g455	contig_103_pilon	2805176	2813874	+	8699	1534	1317	1691	2792	2428	3610
g456	contig_103_pilon	2816628	2819131	-	2504	286	516	555	77	50	242
g457	contig_103_pilon	2819246	2822583	+	3338	1260	1515	1779	827	310	964
g458	contig_103_pilon	2823169	2824241	-	1073	0	0	0	0	0	0
g459	contig_103_pilon	2827236	2828065	+	830	0	0	0	0	0	0
g460	contig_103_pilon	2831523	2836241	-	4719	0	0	0	0	0	0
g461	contig_103_pilon	2837976	2840634	+	2659	0	0	0	2	0	2
g462	contig_103_pilon	2843467	2849171	-	5705	0	0	0	0	0	0
g463	contig_103_pilon	2860736	2864510	+	3775	1467	9321	11293	3154	1724	2639
g464	contig_103_pilon	2865152	2867731	-	2580	0	0	0	0	0	0
g465	contig_103_pilon	2877376	2884103	+	6728	0	0	0	0	0	0
g466	contig_103_pilon	2885417	2894941	-	9525	133	383	405	165	205	237
g467	contig_103_pilon	2904026	2905008	+	983	10	27	17	10	21	1
g468	contig_103_pilon	2905056	2911314	+	6259	22	25	28	8	31	14
g469	contig_103_pilon	2913414	2915051	-	1638	0	0	2	2	6	3
g470	contig_103_pilon	2915156	2924543	+	9388	1763	3857	5338	13507	15052	53753
g471	contig_103_pilon	2924567	2926911	-	2345	311	309	367	278	167	510
g472	contig_103_pilon	2927036	2933379	+	6344	1176	1129	1250	673	370	828
g473	contig_103_pilon	2936776	2945575	+	8800	1759	830	745	436	243	665
g474	contig_103_pilon	2946298	2951291	-	4994	6	12	8	0	0	6
g475	contig_103_pilon	2954708	2959260	+	4553	542	1348	1180	304	214	564
g476	contig_103_pilon	2962098	2968538	+	6441	53	1357	923	29	12	75
g477	contig_103_pilon	2968943	2970223	-	1281	4788	10388	10487	8747	8730	6283
g478	contig_103_pilon	2972980	2982483	-	9504	2816	3898	4113	5662	5310	3780
g479	contig_103_pilon	2985032	2985713	-	682	419	74	101	22	3	187
g480	contig_103_pilon	2985808	2988496	+	2689	2754	413	696	249	50	1709
g481	contig_103_pilon	2989537	2996983	-	7447	515	1102	1046	141	146	268
g482	contig_103_pilon	2997078	2997902	+	825	74	130	164	1	0	18
g483	contig_103_pilon	2997974	2999553	-	1580	112	267	252	3	2	34
g484	contig_103_pilon	2999888	3005843	+	5956	3	26	42	30	9	97
g485	contig_103_pilon	3006289	3013533	-	7245	453	652	617	1987	715	2195
g486	contig_103_pilon	3013753	3017253	-	3501	2027	1780	2922	5820	2153	5076
g487	contig_103_pilon	3021768	3026207	+	4440	648	796	743	730	488	1016
g488	contig_103_pilon	3026258	3028173	-	1916	10	22	3	87	61	136
g489	contig_103_pilon	3029298	3031777	+	2480	614	428	494	165	93	298
g490	contig_103_pilon	3031833	3033293	-	1461	293	285	248	565	202	480
g491	contig_103_pilon	3044823	3045773	-	951	337	218	338	692	550	451
g492	contig_103_pilon	3046148	3049940	+	3793	9234	7183	10031	9384	7981	8638
g493	contig_103_pilon	3054368	3058612	+	4245	0	8	11	50	44	28
g494	contig_103_pilon	3062798	3071021	+	8224	1229	551	676	767	279	972
g495	contig_103_pilon	3076514	3079463	-	2950	302	392	279	28	74	94
g496	contig_103_pilon	3080333	3085443	-	5111	0	7	0	0	0	0
g497	contig_103_pilon	3085828	3097099	+	11272	933	5311	3531	958	1426	2739
g498	contig_103_pilon	3097810	3103213	-	5404	3880	3057	2867	2262	1666	3461
g499	contig_103_pilon	3103378	3118534	+	15157	2233	3204	3410	2147	1081	2123
g500	contig_103_pilon	3119453	3125233	-	5781	2365	861	1562	6241	6356	4885
g501	contig_103_pilon	3134420	3139964	+	5545	0	0	0	0	0	0
g502	contig_103_pilon	3140013	3143335	-	3323	0	0	0	0	0	0
g503	contig_103_pilon	3144040	3152379	+	8340	4873	4302	4081	55657	114793	54967
g504	contig_103_pilon	3154800	3161624	+	6825	1470	1529	1492	1645	787	1748
g505	contig_103_pilon	3162650	3163481	+	832	0	0	0	0	0	0
g506	contig_103_pilon	3165940	3168940	+	3001	312	155	303	738	524	344
g507	contig_103_pilon	3170850	3184662	+	13813	1048	4324	4493	1016	715	642
g508	contig_103_pilon	3186720	3188118	+	1399	0	0	0	0	0	0
g509	contig_103_pilon	3188160	3189095	-	936	0	0	0	0	0	0
g510	contig_103_pilon	3189720	3195960	+	6241	1575	1621	2090	2430	1799	3086
g511	contig_103_pilon	3196150	3197917	+	1768	0	8	0	0	8	0
g512	contig_103_pilon	3207710	3210864	+	3155	0	0	0	0	0	0
g513	contig_103_pilon	3210883	3214955	-	4073	602	679	567	340	109	656
g514	contig_103_pilon	3215160	3219154	+	3995	823	971	807	234	40	545
g515	contig_103_pilon	3219183	3221545	-	2363	257	290	217	190	72	325
g516	contig_103_pilon	3222140	3230099	+	7960	9	30	19	47	54	100
g517	contig_103_pilon	3230308	3232765	-	2458	379	538	840	984	949	466
g518	contig_103_pilon	3232890	3234160	+	1271	83	94	137	1210	922	567
g519	contig_103_pilon	3241440	3251146	+	9707	473	2280	1555	1589	1589	2417
g520	contig_103_pilon	3255040	3256890	+	1851	65	213	180	545	361	1293
g521	contig_103_pilon	3257020	3257807	+	788	144	394	267	1007	494	2704
g522	contig_103_pilon	3258854	3264995	-	6142	4	1	0	31	16	37
g523	contig_103_pilon	3267610	3270355	-	2746	0	0	0	0	0	0
g524	contig_103_pilon	3279800	3289109	+	9310	46	70	62	59	19	69
g525	contig_103_pilon	3289741	3298635	-	8895	0	0	0	0	0	0
g526	contig_103_pilon	3298940	3312138	+	13199	0	0	0	10	1	0
g527	contig_103_pilon	3313140	3316060	-	2921	57	3	8	97	126	69
g528	contig_103_pilon	3316165	3318888	+	2724	3345	257	441	3978	4397	4075
g529	contig_103_pilon	3318962	3324310	-	5349	565	131	123	1281	842	1224
g530	contig_103_pilon	3324405	3331059	+	6655	5749	6487	6854	9647	9517	7253
g531	contig_103_pilon	3331416	3343930	-	12515	3730	8217	10227	3655	1965	4117
g532	contig_103_pilon	3344525	3348821	+	4297	326	727	756	519	312	727
g533	contig_103_pilon	3350175	3356779	+	6605	1211	1821	1902	893	539	1211
g534	contig_103_pilon	3357020	3359730	-	2711	669	998	899	345	207	1123
g535	contig_103_pilon	3361525	3365095	+	3571	0	0	2	0	0	0
g536	contig_103_pilon	3365445	3369230	-	3786	471	1030	1018	556	446	820
g537	contig_103_pilon	3369385	3370581	+	1197	682	1651	1646	388	416	848
g538	contig_103_pilon	3370725	3373000	-	2276	271	263	238	647	379	467
g539	contig_103_pilon	3373345	3375726	+	2382	97	197	122	64	20	103
g540	contig_103_pilon	3376110	3381040	-	4931	2231	1369	1430	759	302	913
g541	contig_103_pilon	3383851	3390540	-	6690	0	0	0	2	6	3
g542	contig_103_pilon	3392656	3401850	-	9195	1139	692	915	951	379	1187
g543	contig_103_pilon	3401955	3409093	+	7139	1874	2249	2225	2323	888	2536
g544	contig_103_pilon	3420845	3431958	+	11114	2842	4921	4040	1942	1392	2696
g545	contig_103_pilon	3432066	3434700	-	2635	3	8	4	0	2	10
g546	contig_103_pilon	3437265	3440290	-	3026	3227	4275	4194	1478	1472	2542
g547	contig_103_pilon	3440415	3443909	+	3495	757	889	931	604	256	834
g548	contig_103_pilon	3444041	3450080	-	6040	495	972	778	203	92	269
g549	contig_103_pilon	3450664	3452900	-	2237	63	108	93	36	18	29
g550	contig_103_pilon	3453195	3455166	+	1972	0	0	0	0	0	0
g551	contig_103_pilon	3466265	3471314	+	5050	27	54	12	17	12	26
g552	contig_103_pilon	3471777	3474410	-	2634	1082	2115	1554	253	530	579
g553	contig_103_pilon	3474545	3479137	+	4593	9	43	7	28	5	29
g554	contig_103_pilon	3479464	3483130	-	3667	1449	2142	2123	2524	1064	2799
g555	contig_103_pilon	3483225	3486948	+	3724	0	0	0	0	0	0
g556	contig_103_pilon	3489175	3490839	+	1665	0	0	0	0	0	0
g557	contig_103_pilon	3492524	3497400	-	4877	41	34	24	56	34	199
g558	contig_103_pilon	3501322	3502874	-	1553	0	0	0	0	0	0
g559	contig_103_pilon	3505279	3507734	-	2456	0	0	0	1	0	0
g560	contig_103_pilon	3507879	3511275	+	3397	0	0	0	0	0	0
g561	contig_103_pilon	3511679	3515945	+	4267	1086	1726	1888	902	646	1366
g562	contig_103_pilon	3517139	3519623	+	2485	1231	996	1191	466	693	438
g563	contig_103_pilon	3519650	3526074	-	6425	303	361	393	150	194	316
g564	contig_103_pilon	3529309	3530253	+	945	0	0	0	0	0	0
g565	contig_103_pilon	3531541	3533714	-	2174	0	0	0	0	0	0
g566	contig_103_pilon	3533879	3535447	+	1569	0	0	0	0	0	0
g567	contig_103_pilon	3536911	3539564	-	2654	0	0	0	0	0	0
g568	contig_103_pilon	3545720	3548354	-	2635	0	34	0	0	0	0
g569	contig_103_pilon	3548933	3560134	-	11202	1217	1293	1190	1457	668	1355
g570	contig_103_pilon	3563019	3565567	+	2549	593	564	380	777	438	1009
g571	contig_103_pilon	3567789	3571334	-	3546	4682	1153	1273	3327	4556	10617
g572	contig_103_pilon	3571421	3575114	-	3694	1050	1358	1238	333	500	566
g573	contig_103_pilon	3576539	3582712	+	6174	1345	2350	3027	2169	3101	3373
g574	contig_103_pilon	3584079	3587374	+	3296	1253	1590	1449	3236	2208	2962
g575	contig_103_pilon	3589794	3592724	-	2931	9527	5118	7772	14757	9180	15718
g576	contig_103_pilon	3592949	3593517	+	569	0	0	0	0	0	0
g577	contig_103_pilon	3595073	3601044	-	5972	1464	761	847	657	309	591
g578	contig_103_pilon	3606689	3609914	-	3226	17978	25134	29271	12068	9633	14626
g579	contig_103_pilon	3611829	3636124	-	24296	4888	16532	18362	4484	3385	4342
g580	contig_103_pilon	3636219	3637693	+	1475	39	428	448	81	39	60
g581	contig_103_pilon	3638089	3640582	+	2494	0	5	2	0	0	10
g582	contig_103_pilon	3644139	3647255	+	3117	0	0	0	0	2	0
g583	contig_103_pilon	3647696	3648974	-	1279	0	0	0	0	0	0
g584	contig_104_pilon	17208	18001	-	794	67	92	202	339	193	292
g585	contig_104_pilon	18096	19559	+	1464	377	1035	1649	1719	948	2035
g586	contig_104_pilon	19767	22791	-	3025	456	489	528	170	154	466
g587	contig_104_pilon	23076	24800	+	1725	504	766	632	103	70	268
g588	contig_104_pilon	25186	26861	-	1676	2	4	0	0	0	10
g589	contig_104_pilon	27156	29065	+	1910	0	0	0	0	0	0
g590	contig_104_pilon	29191	32061	-	2871	0	0	0	0	0	0
g591	contig_104_pilon	32316	33716	+	1401	13187	9355	17589	28163	27207	18309
g592	contig_104_pilon	34396	37051	+	2656	6	0	0	4	0	6
g593	contig_104_pilon	37572	42751	-	5180	74	555	105	12	16	18
g594	contig_104_pilon	43576	48438	+	4863	639	670	696	2376	973	2309
g595	contig_104_pilon	50236	51556	+	1321	0	0	0	0	0	0
g596	contig_104_pilon	58062	59691	-	1630	192	545	371	244	77	160
g597	contig_104_pilon	59996	65059	+	5064	1343	2515	2101	1440	466	998
g598	contig_104_pilon	69446	76672	+	7227	4183	4802	5026	4957	3706	4233
g599	contig_104_pilon	77851	79671	-	1821	134	202	183	66	34	127
g600	contig_104_pilon	79923	81061	-	1139	66	703	452	239	66	246
g601	contig_104_pilon	81166	84384	+	3219	7	30	46	28	4	14
g602	contig_104_pilon	85824	88701	-	2878	651	529	424	241	101	271
g603	contig_104_pilon	89306	91908	+	2603	13	21	11	12	3	19
g604	contig_104_pilon	95294	102571	-	7278	62	53	24	40	0	31
g605	contig_104_pilon	102666	106839	+	4174	477	603	572	536	356	706
g606	contig_104_pilon	106910	114571	-	7662	3190	4582	4079	4608	3657	2720
g607	contig_104_pilon	114826	116160	+	1335	239	254	249	509	290	198
g608	contig_104_pilon	116165	119631	-	3467	0	0	0	0	0	0
g609	contig_104_pilon	121376	134104	+	12729	0	0	0	0	0	0
g610	contig_104_pilon	135641	138231	-	2591	0	0	0	0	0	0
g611	contig_104_pilon	141746	144785	+	3040	0	0	0	0	0	0
g612	contig_104_pilon	145157	149531	-	4375	0	0	0	0	0	0
g613	contig_104_pilon	152746	154431	-	1686	0	0	0	7	0	0
g614	contig_104_pilon	154786	156508	+	1723	0	0	0	0	0	0
g615	contig_104_pilon	160612	165301	-	4690	0	0	0	0	0	0
g616	contig_104_pilon	167306	187328	+	20023	0	0	0	0	0	0
g617	contig_104_pilon	189855	191221	-	1367	10	0	0	0	0	0
g618	contig_104_pilon	191277	194571	-	3295	395	56	58	4	2	0
g619	contig_104_pilon	195176	198727	+	3552	0	0	0	0	0	0
g620	contig_104_pilon	198801	203351	-	4551	0	0	8	8	0	0
g621	contig_104_pilon	203476	208459	+	4984	4	0	6	2	0	0
g622	contig_104_pilon	208755	211661	-	2907	8	32	18	17	0	62
g623	contig_104_pilon	212926	216385	+	3460	2507	1893	2702	4487	2065	3019
g624	contig_104_pilon	217236	220743	+	3508	872	1045	878	1843	1767	2045
g625	contig_104_pilon	221186	227234	+	6049	876	1044	824	671	198	652
g626	contig_104_pilon	228166	231013	+	2848	25	30	16	22	32	32
g627	contig_104_pilon	231496	241339	+	9844	1376	740	679	365	194	665
g628	contig_104_pilon	241409	246041	-	4633	748	1275	888	1269	1325	1224
g629	contig_104_pilon	249786	259174	+	9389	487	859	724	1309	1431	1100
g630	contig_104_pilon	259190	264631	-	5442	1103	1308	1531	1469	936	1210
g631	contig_104_pilon	264986	265887	+	902	10	12	3	17	6	6
g632	contig_104_pilon	265907	268571	-	2665	69	54	23	64	90	50
g633	contig_104_pilon	271068	274081	-	3014	2568	4412	4279	10217	8772	8425
g634	contig_104_pilon	275284	287221	-	11938	2480	5708	6549	2673	1030	4475
g635	contig_104_pilon	287316	292944	+	5629	944	1409	1217	1004	636	1121
g636	contig_104_pilon	298156	306714	+	8559	3535	2862	3862	2179	1247	3132
g637	contig_104_pilon	307536	313179	+	5644	2898	1543	1360	2367	1975	1801
g638	contig_104_pilon	314826	317897	+	3072	1	6	5	3	1	0
g639	contig_104_pilon	331806	332220	+	415	0	0	0	0	0	0
g640	contig_104_pilon	335316	339592	+	4277	8355	14271	16344	8483	8083	8949
g641	contig_104_pilon	345243	349191	-	3949	531	440	1185	639	474	409
g642	contig_104_pilon	349417	354261	-	4845	3350	3883	5098	5564	5359	4189
g643	contig_105_pilon	1	2221	-	2221	256	213	332	330	215	231
g644	contig_105_pilon	2426	4748	+	2323	0	0	0	0	0	0
g645	contig_105_pilon	6466	8308	+	1843	265	122	246	287	49	8
g646	contig_105_pilon	8327	10221	-	1895	184	58	146	62	23	8
g647	contig_105_pilon	10476	12752	+	2277	0	0	0	0	0	0
g648	contig_105_pilon	14446	16312	+	1867	40	19	31	131	67	68
g649	contig_105_pilon	16327	18231	-	1905	3	5	11	16	20	19
g650	contig_105_pilon	18376	27256	+	8881	1903	2957	2819	1298	560	1578
g651	contig_105_pilon	27293	30251	-	2959	48	238	275	2	0	0
g652	contig_105_pilon	31296	35466	+	4171	0	0	0	0	0	0
g653	contig_105_pilon	39814	50111	-	10298	4226	5684	4951	3840	3447	4117
g654	contig_105_pilon	52886	60210	+	7325	6706	7443	7422	18720	17644	15943
g655	contig_105_pilon	61756	65035	+	3280	6539	676	492	13932	11913	11000
g656	contig_105_pilon	65925	69971	-	4047	771	1416	690	835	463	1274
g657	contig_105_pilon	70156	73860	+	3705	1198	1597	1296	1080	420	1953
g658	contig_105_pilon	76286	88657	+	12372	0	0	0	0	0	0
g659	contig_105_pilon	91456	98018	+	6563	1919	1590	2273	3283	2004	2812
g660	contig_105_pilon	98268	100571	-	2304	940	724	828	331	212	732
g661	contig_105_pilon	100746	105150	+	4405	1477	1612	1165	352	137	468
g662	contig_105_pilon	109055	115211	-	6157	958	1064	1130	1646	989	1227
g663	contig_105_pilon	115821	117291	-	1471	0	2	0	0	0	0
g664	contig_105_pilon	118534	129761	-	11228	40	21	24	31	2	24
g665	contig_105_pilon	130356	136367	+	6012	2481	4541	4601	2692	1291	2777
g666	contig_105_pilon	136391	140011	-	3621	15	12	27	62	49	53
g667	contig_105_pilon	143616	148663	+	5048	1782	5481	3621	269	191	557
g668	contig_105_pilon	157803	168081	-	10279	6	3	0	0	0	4
g669	contig_105_pilon	178973	189595	+	10623	2124	2406	3614	3397	2366	2280
g670	contig_105_pilon	191003	205038	-	14036	410	428	691	649	363	392
g671	contig_105_pilon	213743	223334	+	9592	40	202	138	34	10	46
g672	contig_105_pilon	229982	231868	-	1887	0	20	1	16	0	8
g673	contig_105_pilon	231963	237575	+	5613	160	487	390	95	34	148
g674	contig_105_pilon	244193	247187	+	2995	0	0	0	4	0	6
g675	contig_105_pilon	250173	250928	-	756	0	0	0	0	0	0
g676	contig_105_pilon	258173	262946	+	4774	2910	2394	1890	2212	2001	1867
g677	contig_105_pilon	263293	271267	+	7975	1283	1461	1614	3229	2279	2859
g678	contig_105_pilon	272233	274303	+	2071	939	927	662	1340	937	1679
g679	contig_105_pilon	274493	276805	+	2313	0	0	0	0	0	9
g680	contig_105_pilon	280533	284992	+	4460	74	237	213	45	46	31
g681	contig_105_pilon	284994	315568	-	30575	10607	8739	8064	4671	2893	5118
g682	contig_105_pilon	315663	318331	+	2669	3200	4695	3566	3223	3081	3118
g683	contig_105_pilon	318524	329888	-	11365	2232	22961	6629	3153	2257	3593
g684	contig_105_pilon	329954	333158	-	3205	3239	5437	4413	3629	3341	3665
g685	contig_105_pilon	338030	348729	+	10700	0	0	0	0	0	0
g686	contig_105_pilon	349104	352935	-	3832	0	6	0	102	15	14
g687	contig_105_pilon	354185	359075	-	4891	0	0	0	0	0	0
g688	contig_105_pilon	362180	363240	+	1061	0	0	0	0	0	0
g689	contig_105_pilon	364140	371764	+	7625	0	0	0	0	0	0
g690	contig_105_pilon	372290	382809	+	10520	5879	11187	8005	4263	2186	6087
g691	contig_105_pilon	388605	390345	-	1741	0	0	0	0	0	0
g692	contig_105_pilon	390560	394018	+	3459	2	4	6	0	0	0
g693	contig_105_pilon	395726	397185	-	1460	683	598	514	958	676	983
g694	contig_105_pilon	399660	403361	+	3702	0	0	0	0	0	0
g695	contig_105_pilon	404093	404695	-	603	0	0	0	0	0	0
g696	contig_105_pilon	410080	416939	+	6860	1721	2834	1933	3320	2890	2243
g697	contig_105_pilon	417221	421415	-	4195	12	0	2	4	2	0
g698	contig_105_pilon	421477	422385	-	909	0	0	0	0	0	0
g699	contig_105_pilon	422480	431971	+	9492	0	0	0	0	4	0
g700	contig_106_pilon	587	1311	-	725	0	0	0	0	0	0
g701	contig_106_pilon	2551	7751	-	5201	3824	5384	4259	1576	1255	1779
g702	contig_106_pilon	8636	12346	+	3711	1159	1512	1285	405	277	474
g703	contig_106_pilon	17734	21341	-	3608	0	0	0	0	0	0
g704	contig_106_pilon	22426	24608	+	2183	0	0	0	0	0	0
g705	contig_106_pilon	27900	28801	-	902	0	0	0	0	0	0
g706	contig_106_pilon	41051	41731	-	681	0	0	0	0	0	0
g707	contig_106_pilon	56676	58626	+	1951	6	14	25	57	9	52
g708	contig_106_pilon	58665	62071	-	3407	2021	2203	1780	738	378	594
g709	contig_106_pilon	62466	64581	+	2116	429	461	588	155	91	149
g710	contig_106_pilon	69266	70222	+	957	0	0	0	0	0	0
g711	contig_106_pilon	74996	75621	+	626	0	0	0	0	0	0
g712	contig_106_pilon	82447	83371	-	925	243	190	234	297	190	339
g713	contig_106_pilon	83936	85450	+	1515	957	1081	1206	1868	957	1520
g714	contig_106_pilon	86305	91721	-	5417	1700	2172	2635	921	394	914
g715	contig_106_pilon	92426	95606	+	3181	0	0	0	0	0	0
g716	contig_106_pilon	100026	107516	+	7491	623	1163	933	710	342	424
g717	contig_106_pilon	107527	112501	-	4975	1341	766	913	1637	1138	2177
g718	contig_106_pilon	113326	115540	+	2215	33817	15394	25696	19677	17374	18560
g719	contig_106_pilon	118906	122717	+	3812	66	28	35	87	83	251
g720	contig_106_pilon	126426	127177	+	752	0	0	0	0	0	0
g721	contig_106_pilon	127429	129871	-	2443	385	433	427	1118	732	941
g722	contig_106_pilon	130336	131450	+	1115	50	39	72	109	60	39
g723	contig_106_pilon	135316	137088	+	1773	4	11	0	5	0	0
g724	contig_106_pilon	138068	146421	-	8354	300	349	430	304	232	439
g725	contig_106_pilon	146550	147851	-	1302	592	557	424	1035	1021	809
g726	contig_106_pilon	147976	148799	+	824	34	10	44	61	24	9
g727	contig_106_pilon	156656	158331	+	1676	879	6363	2733	1999	5124	2678
g728	contig_106_pilon	159019	162651	-	3633	4	34	12	2	4	20
g729	contig_106_pilon	170558	179776	+	9219	1166	1477	1276	1313	1185	2416
g730	contig_106_pilon	185628	189913	+	4286	0	0	0	0	0	0
g731	contig_106_pilon	192786	196643	-	3858	0	0	0	0	0	2
g732	contig_106_pilon	198460	199403	-	944	0	0	0	0	0	0
g733	contig_106_pilon	204010	209763	-	5754	25	95	137	1126	134	142
g734	contig_106_pilon	216548	222786	+	6239	0	0	0	0	0	0
g735	contig_106_pilon	225218	227467	+	2250	0	0	0	0	0	0
g736	contig_106_pilon	235147	239463	-	4317	2544	2432	2754	1314	682	1482
g737	contig_106_pilon	243839	246863	-	3025	0	0	0	0	0	0
g738	contig_106_pilon	247223	250513	-	3291	0	0	0	0	0	0
g739	contig_106_pilon	251418	254920	+	3503	0	0	0	0	0	0
g740	contig_106_pilon	257941	262633	-	4693	0	0	0	0	0	0
g741	contig_106_pilon	264278	274851	+	10574	0	0	0	4	0	0
g742	contig_106_pilon	285680	292133	-	6454	1160	1918	1555	1303	830	1156
g743	contig_106_pilon	294053	316143	-	22091	2	15	7	11	3	6
g744	contig_106_pilon	316698	327536	+	10839	0	0	0	3	0	0
g745	contig_106_pilon	330685	339613	+	8929	0	0	0	0	0	0
g746	contig_106_pilon	340598	343300	-	2703	0	0	0	0	0	0
g747	contig_106_pilon	343395	351122	+	7728	0	0	1	15	0	0
g748	contig_106_pilon	352015	357294	+	5280	0	0	0	0	0	0
g749	contig_106_pilon	358405	366650	+	8246	0	0	0	0	0	0
g750	contig_106_pilon	368027	370820	-	2794	0	0	0	0	0	0
g751	contig_108_pilon	1776	11885	+	10110	8833	14064	15913	18570	13633	15131
g752	contig_108_pilon	12878	16391	-	3514	503	308	253	46	21	143
g753	contig_108_pilon	16506	20379	+	3874	245	1073	1269	288	54	263
g754	contig_108_pilon	20506	28075	+	7570	585	738	842	758	831	1002
g755	contig_108_pilon	28174	30791	-	2618	1729	1088	1457	530	356	324
g756	contig_108_pilon	31036	32685	+	1650	33	30	26	9	9	0
g757	contig_108_pilon	33022	34171	-	1150	0	0	0	2	0	0
g758	contig_108_pilon	38046	39994	+	1949	0	0	4	2	0	6
g759	contig_108_pilon	40029	47911	-	7883	73	126	70	8	59	129
g760	contig_108_pilon	48016	49110	+	1095	0	0	0	10	0	0
g761	contig_108_pilon	49196	51731	-	2536	648	2114	2177	2842	5909	5060
g762	contig_108_pilon	52146	55494	+	3349	67	338	187	118	100	297
g763	contig_108_pilon	56020	63541	-	7522	188	638	546	183	225	303
g764	contig_108_pilon	66555	69571	-	3017	0	0	0	0	0	0
g765	contig_109_pilon	2189	7611	-	5423	388	670	426	78	146	276
g766	contig_109_pilon	7796	9308	+	1513	21	62	44	4	18	65
g767	contig_109_pilon	10446	13940	+	3495	0	0	0	0	0	0
g768	contig_109_pilon	16826	23041	-	6216	0	0	0	0	0	0
g769	contig_109_pilon	23246	31601	+	8356	0	0	0	0	0	0
g770	contig_109_pilon	37886	45857	+	7972	4063	3945	4421	8565	5261	5607
g771	contig_109_pilon	48316	49275	+	960	5	10	16	264	501	10
g772	contig_109_pilon	50054	52981	-	2928	0	5	2	78	34	29
g773	contig_109_pilon	53106	55249	+	2144	690	1181	1099	1316	1069	1869
g774	contig_109_pilon	57656	69189	+	11534	1568	1214	1141	1314	498	1745
g775	contig_109_pilon	76387	81771	-	5385	548	2180	2002	197	115	431
g776	contig_109_pilon	82676	85032	+	2357	0	0	0	0	0	0
g777	contig_109_pilon	92596	105661	-	13066	3553	5713	5128	5491	2884	3992
g778	contig_109_pilon	111288	113261	-	1974	370	780	621	254	105	555
g779	contig_109_pilon	113496	124881	+	11386	2485	2025	1880	4899	5362	4299
g780	contig_109_pilon	125426	126390	+	965	0	0	0	7	17	16
g781	contig_109_pilon	127230	130511	-	3282	2848	1681	1939	7665	8205	5708
g782	contig_109_pilon	130606	131648	+	1043	210	134	192	574	537	406
g783	contig_109_pilon	136303	137381	-	1079	0	0	0	0	0	0
g784	contig_109_pilon	141166	142503	+	1338	0	0	0	0	0	0
g785	contig_109_pilon	151614	157861	-	6248	0	0	0	0	0	0
g786	contig_109_pilon	160132	165721	-	5590	2306	1628	1199	758	316	1716
g787	contig_109_pilon	165866	166588	+	723	492	332	295	155	49	334
g788	contig_109_pilon	166636	170973	+	4338	108	176	131	56	10	151
g789	contig_109_pilon	180762	190048	-	9287	0	6	2	0	0	0
g790	contig_109_pilon	191153	194234	+	3082	383	444	372	312	94	411
g791	contig_109_pilon	196793	202111	+	5319	127	126	82	344	109	263
g792	contig_109_pilon	216573	217708	-	1136	0	0	0	0	0	2
g793	contig_109_pilon	226206	226948	-	743	0	0	0	0	1	0
g794	contig_109_pilon	229420	230818	-	1399	68	138	237	144	135	77
g795	contig_109_pilon	231063	238779	+	7717	2182	3074	4160	4764	3817	3586
g796	contig_109_pilon	239169	247958	-	8790	2455	3662	2991	3738	1808	3786
g797	contig_109_pilon	248833	249611	+	779	0	0	0	0	0	0
g798	contig_109_pilon	250669	257998	-	7330	0	0	0	0	0	0
g799	contig_109_pilon	258183	261992	+	3810	0	0	0	0	0	0
g800	contig_109_pilon	270103	272033	+	1931	0	0	0	1	0	0
g801	contig_109_pilon	272161	282448	-	10288	0	0	0	2	0	0
g802	contig_109_pilon	285623	289986	+	4364	0	0	0	0	0	0
g803	contig_109_pilon	290110	291028	-	919	0	0	0	0	0	0
g804	contig_109_pilon	291084	291748	-	665	0	0	0	0	0	0
g805	contig_109_pilon	291993	294852	+	2860	0	0	0	0	0	0
g806	contig_109_pilon	298333	300177	+	1845	0	0	0	0	0	0
g807	contig_109_pilon	300263	301887	+	1625	0	0	0	0	0	0
g808	contig_109_pilon	302527	306668	-	4142	3	0	1	1	0	0
g809	contig_109_pilon	307023	311899	+	4877	0	0	0	7	0	0
g810	contig_109_pilon	313332	323258	-	9927	0	0	0	0	0	0
g811	contig_109_pilon	326893	332810	+	5918	0	0	0	2	0	0
g812	contig_109_pilon	332948	333778	-	831	0	0	0	0	0	0
g813	contig_109_pilon	334460	337348	-	2889	0	0	0	1	0	0
g814	contig_109_pilon	354046	355700	-	1655	0	0	0	0	0	0
g815	contig_109_pilon	357526	360200	-	2675	20	85	94	92	41	84
g816	contig_109_pilon	360365	367041	+	6677	43	101	190	259	114	46
g817	contig_109_pilon	367629	370520	-	2892	24	77	56	153	55	111
g818	contig_109_pilon	370685	373629	+	2945	187	255	210	222	140	183
g819	contig_109_pilon	374116	383130	-	9015	6791	9401	11941	3536	3725	5541
g820	contig_109_pilon	383295	385572	+	2278	12	4	291	5	1	4
g821	contig_11_pilon	1	621	-	621	16	30	21	11	5	29
g822	contig_11_pilon	6926	14386	+	7461	491	465	667	1280	711	618
g823	contig_11_pilon	15101	23101	-	8001	2621	3795	4249	1401	534	1131
g824	contig_11_pilon	23806	28467	+	4662	2	14	2	4	18	0
g825	contig_11_pilon	28575	31161	-	2587	0	0	2	0	0	0
g826	contig_11_pilon	32167	39971	-	7805	0	0	0	0	0	0
g827	contig_11_pilon	40086	48106	+	8021	0	0	0	0	0	0
g828	contig_11_pilon	51486	56810	+	5325	30	63	24	46	52	124
g829	contig_11_pilon	56904	67231	-	10328	1370	3824	2882	2233	1193	1623
g830	contig_11_pilon	72756	74020	+	1265	208	152	199	138	121	135
g831	contig_11_pilon	74116	77078	+	2963	1888	1893	1929	1229	1036	1745
g832	contig_11_pilon	77175	79061	-	1887	32	33	68	1688	1543	1015
g833	contig_11_pilon	80527	81581	-	1055	119	136	121	38	13	56
g834	contig_11_pilon	81996	84121	-	2126	140	241	150	119	24	96
g835	contig_11_pilon	84226	85385	+	1160	14	48	88	61	23	73
g836	contig_11_pilon	87536	88770	+	1235	3	2	0	247	190	66
g837	contig_11_pilon	88907	91281	-	2375	7240	3231	4350	8625	13200	7026
g838	contig_11_pilon	91406	100200	+	8795	1026	287	344	851	550	756
g839	contig_11_pilon	103686	107326	+	3641	0	0	0	0	0	0
g840	contig_11_pilon	107664	112561	-	4898	1300	1431	1504	1572	580	1719
g841	contig_11_pilon	117076	117879	+	804	0	0	0	0	0	4
g842	contig_11_pilon	118027	119121	-	1095	164	124	265	391	209	347
g843	contig_11_pilon	119236	129849	+	10614	2591	3325	2912	7560	5034	5636
g844	contig_11_pilon	129987	131511	-	1525	5	1	20	13	6	31
g845	contig_11_pilon	133115	135211	-	2097	570	594	669	673	354	1115
g846	contig_11_pilon	135416	146601	+	11186	3262	2261	2218	1617	747	2371
g847	contig_11_pilon	146928	150701	-	3774	465	454	445	310	129	410
g848	contig_11_pilon	150826	154279	+	3454	553	681	761	1070	452	987
g849	contig_11_pilon	154489	158991	-	4503	851	506	539	288	197	592
g850	contig_11_pilon	159096	162059	+	2964	696	439	495	128	70	406
g851	contig_11_pilon	162062	165091	-	3030	177	185	194	75	75	100
g852	contig_11_pilon	165326	165882	+	557	5	2	0	0	0	3
g853	contig_11_pilon	166277	168861	-	2585	454	570	470	850	504	885
g854	contig_11_pilon	176724	178205	-	1482	0	0	0	0	0	0
g855	contig_11_pilon	179016	182745	-	3730	0	0	0	0	0	0
g856	contig_11_pilon	183147	191435	-	8289	246	498	415	72	106	43
g857	contig_11_pilon	191527	195055	-	3529	39	83	62	13	0	10
g858	contig_11_pilon	199600	205048	+	5449	1630	1342	1744	3467	2009	2457
g859	contig_11_pilon	212490	214544	+	2055	6	4	6	193	75	342
g860	contig_11_pilon	218096	220255	-	2160	2	12	10	53	17	30
g861	contig_11_pilon	226835	229755	-	2921	28	20	34	468	164	601
g862	contig_11_pilon	233812	236095	-	2284	0	0	8	140	81	118
g863	contig_11_pilon	237191	251005	-	13815	1070	1772	1503	1363	598	637
g864	contig_11_pilon	251100	251958	+	859	21	8	20	29	23	12
g865	contig_11_pilon	252046	261145	-	9100	1847	1186	1279	639	288	684
g866	contig_11_pilon	261330	264388	+	3059	836	330	435	627	502	522
g867	contig_11_pilon	267060	271692	+	4633	174	227	239	41	30	54
g868	contig_11_pilon	271806	274975	-	3170	959	1464	1279	398	594	1224
g869	contig_11_pilon	275070	283212	+	8143	3965	6195	6280	4585	5353	3775
g870	contig_11_pilon	286402	287885	-	1484	992	2020	2194	783	542	1485
g871	contig_11_pilon	287990	296003	+	8014	2599	2309	2450	3050	1671	3030
g872	contig_11_pilon	296340	298781	+	2442	6	8	8	26	24	55
g873	contig_11_pilon	298789	302145	-	3357	2	20	9	15	4	25
g874	contig_11_pilon	305210	319291	+	14082	875	7913	10286	1219	841	1431
g875	contig_11_pilon	320012	322825	-	2814	892	695	1044	181	135	232
g876	contig_11_pilon	323080	327458	+	4379	1143	1190	1048	172	111	231
g877	contig_11_pilon	327883	339455	-	11573	0	0	0	0	0	0
g878	contig_11_pilon	342350	344475	+	2126	0	0	0	0	0	0
g879	contig_11_pilon	349885	351021	-	1137	38	23	81	19	10	23
g880	contig_11_pilon	351216	354362	+	3147	829	590	1148	402	227	531
g881	contig_11_pilon	354436	361310	+	6875	636	23367	20217	1212	3360	5311
g882	contig_11_pilon	361460	373881	-	12422	16685	8597	9458	45285	106897	60028
g883	contig_11_pilon	375360	377721	-	2362	0	0	0	0	0	0
g884	contig_11_pilon	377936	380152	+	2217	0	0	0	0	0	0
g885	contig_11_pilon	381229	390891	-	9663	0	0	0	0	0	0
g886	contig_11_pilon	394006	394631	-	626	11	12	0	4	0	0
g887	contig_11_pilon	394736	396618	+	1883	5	29	10	0	0	11
g888	contig_11_pilon	396986	397854	+	869	0	10	0	0	0	0
g889	contig_11_pilon	398074	403311	-	5238	863	3845	1468	501	294	396
g890	contig_11_pilon	404897	408161	-	3265	43	139	84	17	20	24
g891	contig_11_pilon	411228	413611	-	2384	0	0	0	0	10	0
g892	contig_11_pilon	414330	423081	-	8752	1628	2208	1853	2496	1510	2740
g893	contig_11_pilon	423196	434940	+	11745	2668	3524	3055	2801	1455	3042
g894	contig_11_pilon	435724	440571	-	4848	0	0	0	0	0	0
g895	contig_11_pilon	441750	442611	-	862	0	0	0	0	0	0
g896	contig_11_pilon	445256	452784	+	7529	0	0	0	0	0	0
g897	contig_11_pilon	455032	456301	-	1270	3	0	0	0	0	11
g898	contig_11_pilon	456396	473731	+	17336	39084	7533	11209	21073	17139	26381
g899	contig_11_pilon	481096	483317	+	2222	630	208	185	2461	3774	2184
g900	contig_11_pilon	484921	486011	-	1091	28	34	19	101	32	114
g901	contig_11_pilon	486226	488892	+	2667	931	815	875	794	425	884
g902	contig_11_pilon	488950	489851	-	902	201	145	235	841	444	639
g903	contig_11_pilon	495160	505781	-	10622	1247	1364	1525	3295	2133	3077
